5038386632722308980633247341985613347095406959400126741881
5633663260177862529206736592083394510734037756580883965159
3198200278416460478083230657436356954666284807068850644231
4500539758007143428344969803044046390121005200092009483959
6070287847255383791887362897103579367713919331145322482829
3587426258889242680374498712623766317214580412964481132309
5373686367349210708816449690615822117316312400148898919279
4340363464780464172053974034780516381369135093610237233577
4169533590899252869385987920456746740045996555614442679299
6097809972980117954627491104566208119993427957602562695681
6075288260422186861012419958385902850612994214129017061951
5793030358799561951083319060331111928488121506039080041903
5323744137357126986073873734162481792388194531156173646643
5623778192041640167609328875536703220697949389230921486309
4074576232304208755611866513422997904310733913594155538951
5086049225920363722683669919638307596110089861080308155247
6170696095958596710958265501562859020881227100125614830897
5229251939381340863619800967329328926568159032419702903231
4919909359827671061946260335996053840782261102180693961913
4073530486869354019805966386679802899223257539195371938237
4087446739826736579868184014310238150241900615732005178933
3984544748818765937851798855893769243154325326054478532921
5341287665888231218813487003386194186523539050100640274683
3399933577553056628667059678208397486251921601131678343363
4109278187503173418960034811135745689133139796536695614089
4189993688369307326635059799814699757340745018815108682063
4216650091648292150484018798476774413418601839783920725011
4820906006107174670421355280811375705399477989171891839141
3187896797594437508762903581525620293249698811941307307443
3351300786519809308785643340788919111001776041011368328853
6243613765279143541429092374422811456625280104214428247303
3423395570523476141526037824555800068478781920738749658833
3924366555346865089590472374389507005460423972927068540321
4843358037785784054943205304536242193739500903927062823021
5851221411131163183611643345167859525638792536344936092603
4302966641380441518828825528250703285533553507323726407631
4760505735964618071194835062955380930880240552452299240279
4195216752631939495591635832499521979779402193378065203227
3760151125245253950159452482775025307820077185413971463167
5940810941549097923874977496774501962176028347794375102997
4431841729168205145640935100208351913261756439834283506411
5914217307202119825461049634295825608997620840302776334173
4009262016489101822370146495761465789066796361001433975911
3899518979991394153781281807156306835266359556672265778257
5964264339004963019379169495059674940018708312335003478449
3807238298793616035444632202210424217014957562696228393083
4412407883645900256359937152766743386350130498921876219687
5697157401317568492409554735930045092899069765552292185399
3370563548246449182361389712311259531610906837701882118821
4854026365480913250207516246164639080356582620406838974811
3877134533118960661283648590510437969281867921928691182191
3407653921966307951110756320673445459313707159384108168549
4733222025213137666282795894003886730214061803186141990531
5816672059257705613939755198921195708896787566830597940323
5850831552758867311860746345087955343544184870625132303513
5841874025161550685836819140713245061540325961317397321723
4197143304684385135136674115381878348372059695205480040859
3770361155685167189372243360164894098810225662073752626811
5332599430852412681262717679092941746069058415884644334963
3682291489465787622884580527725124614979093386284498513421
5802325271189346968635151253152379303051902768954716698397
5659341621365931525691940292434292730210704960914100410743
5110242316454315771666484649251487608910011779323967760463
3546865301165141635625805542103240347595913615997889287611
6174412383601240472896346171094844666713230804766962539759
4824441077377380088054718881664093561078212312172188250023
4958059068034237440823794619264876262708540820726298506209
5427240181751721641715968693401639218029750598779374283657
6176962423495035064314941648633795391808946067643058040977
4302281218652123280806770380874907329368312352455448644283
3818249456392727734143314725420871939415064139006327347909
3705822195784563593771949697645772630248058125016216365481
4959434460068822619544865960071336881316657492890373633283
4965330977331656590326578572285709947741337951592965295583
6164426671325311862150692761579368757454445400351149733317
3555919849243740341788175582871072642979292575380916620391
5656657785988517111734015308663670737179845448021601858403
5492738288312856095169499479949455951228064663973954669243
4948944608137704901936611351531762193946372164944794666851
6063840821684178296815848853011977204731984321406586303233
5824185030064140320177682351952137271797518582811520145729
3626692709999979221359512243188353562038541140776861274153
4685438538332187570421524271769936702986809212793872394211
5171632354243539262756793511781876350580014265647938164879
4613463402754105610480367247577752780304434105981567067789
3732930951078464356722551535568263894671837688585796254611
5972685073631543669082119578749263445413938576258757041147
5696686031130079095277455614690983151086175973844217094907
4013408644558046522675236049348068049815487974285574832679
5872821691827146951083220588938438349170070735042091982483
3932767570804243188911348207352008711681784883529125676803
4144860228392666066994298654196632398516406185137056932283
3744449534184551863396789783792659100189062956000100058823
4405385674920399640732756591986751758619876330115299242829
4906685203896401998289257008133658926452568069847945699863
3631980107671388052873315969837010829632775187711644580439
6227207036295275396612304173465957909242307636999383451849
3374794431433987234295065729194793686968286505691362514429
5941982756998180849058316715639922205264737386443244084789
3884043102072868006799381691693095046521063321884065143777
4322152453838549528205513031641847497249818962317348232657
4918621494666410722089288895026118190248405412112483288917
5202712612510021173041030369562654186022236182095597814339
5946787930208260574302185339810660630247499158345806942481
4517940962818175925298277925315087196861215718440458368073
6255378235492952040722998892442713660930584100656249998709
3625047280008162993387188952154130797106225533779747619363
4983802298710932848975526544839022806282225758118923960383
3159270428464421762199339020574655014548284825066961141221
5948472047753213082932174390789763947583290764174680769583
5529629510918944459401692018898756165831934619535492489997
5891944116470132251897285100270745319283046487571845262261
4630439979796813370171785918341127038089374436215903229273
5081042376285246786582600023562707993952713847809592463193
6186200111603489108701742786602699860486741570318460902197
4551262601068295558761350788573046096135354198294248568343
4276343488233244590628370443633902064243710865070907948911
4733491948181590622317399143168748271913441176484836624081
3192266321734766789265398414628723473385041158611264576461
4754253170400445165173243270177444965284818757651769195753
5233646821320343700432166559473040489926772143985951244251
3643404205941684935652382901510698148724043442838902920249
5284149322848678542600803286032680703356598903448794453579
6195513656853798794959864693412029898300262078011136066533
4766551881635012236209008699493848088618580070086641602339
6201528012318090423927731105810960277484910214519236933537
5286407117286120645323377174582335456551162893019515869457
3552675581548204535142386815011754701071805837548580976061
5184471833877649009584723872786889143072037458804056380481
5606500615013332913786155983035544734466169131996143625433
4593702432486784219615984747564117018635195404443027099139
5351472578704601919588605396263627527562007337702419673917
3838699505968331726462777117987522484001557169665390021119
3617380377293992158260440727626041454857984590431984330807
3865361158088876032105967589121181774058168581898307092581
5622572207222347821871610560401272850114697248405106857997
4291521812413302670866996596592932209199036808332521974457
4528404294157753881600622780033532578154326467554834600059
6135836455795815396407582814345603881083502840381537768063
4573540781232453859772407361547036559892564461453598899859
6198013399124258694709369230547371205149466616493554374469
4971743302748644533795886371452410445416448023589296275889
4723273197040415390171040500935773756387305529141378324551
3630450229525073069797436615664457112224372882861994619083
4938859212459104945199871390727873283351409896107318184659
3968397569895070942086676762217736020913405941038726568621
4034590967136329625477426716165708089296191987596671442553
4784535141347258364901547010970555194387291257222928512273
4585665300014258776799577110532985667918205713652877406407
4741620685169582287787733946882170727791468126472596968903
5082431694655894048993440365063761621540687799606083367711
4951938857818781495557954206732201123163062598457793723113
5815331208083337239719458743909136394619335662484659598717
5906730373884050642842498328178873896868290245408477543877
4384378246642032787522761977014340434809771252398158575191
4195626220668416554316642935428691715787185511868276717097
3277876368526191430765264530588398927689708200688817595979
4871167053557178020576738403509651143729400549416797149161
3512606688777294382652614272105690396060389088011324034013
4691691213443256689755701173085688399526145218597231593247
5193652360740165961597117612762333814339422051747301630489
5506220751735037788797618376790437805930282432729407282859
5495481534640157731910113598093699937267097732425573546001
4107875635224750582394788511530034581325739636626634810401
3232418240210808794026503423082526570624259293974804686167
5641999817305357762596924466401229332892346296501714435411
4023858473763042682608149177061896270574409834440697889857
4133388521347956846230908899537323752163922354468631117591
5619011683626662436179221069496786437537264397303359751567
6218562639873093783650337018965167501396311668214905881217
5765400416523993105038891709959918081256717465041953421507
3330159412110112553262011461795415658729782946982743794303
3675911105675403883654432368323859863039715130449847833277
4659635071312282993990733185902547119287382026826431026913
3585906836761167624418039002386130634753876711147063648123
3790470387831292005573225955692098753154090886280960404223
5866703593763161868275337301764458420408559126418763652101
4491366377920446795103852092692890004944422802803355509101
6170755355234816197361862277579062726305399386583990434511
3343571257911698801321423278198980413774819133177807182339
4694384620221059663887968195294354203285962850969499074587
4759958711202922101754448226667707790278385390789292186299
5746587339137437007136785332860382974611530313470548666629
6104956172829603809564403867394598109321861210781677546667
5013511356959169104277750360682861724877878132934193855409
4018726577725169710036538763998955329022379965108968993459
4196761459790469109768583664575000882343273560849457076333
6270501306878237452333978291415337341835158743790308380547
5142884283135556469456918027772031190210596748966359880137
6152366251151173248660325607763411184571105237336978976397
4378569226205294132532159571380863108939194641040447441079
5447776487140383327917397208550602494609544452882755311337
3511977641385490965627225369360749125829716977499710908783
4566070847366802498139027885442091692515400957299179012421
5333972224686163221730562670307888994665906222828619506649
3527307011364199776305791195135042220266402488978049866403
5276737056598699524330364933087971517670301087912799149067
6126324103985989665661553420936088393314680375946549312207
6170056211183947901876232507995541500558848239141962810867
5186174205892240233590140994752810511969426287220438297357
4368935211966218215942454421299183827021793480959746687329
4919194137394740370270696532087021559719813073729573487477
4425590077689446234178548072081460696304686859520649807067
3971271997609442640929756466960567687910592684804773767311
5426360356524661501490257513576416969261250548899444156573
4556361361191787421593703179215150354064466848933621996883
3611595682036093806998840543570036924411710042999988325349
3581700213015477471946232419840282880946313558896663589597
4402233734614396649324561266246796324326546727842142704151
5421062941437029600647771470524150680408548472693436043787
5761064537335901241805134336633095831551480083052761684143
3146461645634837956466422905258991265618371679384080338959
5218711944194549518399400852232583250444054662760252168249
4665268387830136105132235581909805489340806849693347725281
3313801277324831036383476141682126954204665951285308820527
3431088513150353884658540287793320571731467286610843871721
6142524356531513661292715787036987784918964491925111514043
3195079241403997504914424684389302736472530152252754572981
5839798385924303607370659415463609082227847350494311405473
3491752605672701608170234529415562438934929537334798843357
5630263398033083523638837477443486055751022843606160627879
3782595589393904017597356522500810219014157006574476436323
5679532112704311868903614940925369332972346655861876494789
4746529012316759298572913536751269922215292383827745997461
3841305555068197170953966624518996956494183635089040995973
4347029795121172829964833308262964139406899466871601116077
3359020122751923412541036730906463693964722577900362896721
4584899207897230127059207603990357046210506505913807036343
4597921714384065970945182755711199529406946961546981056937
5654381775954995003367311681295249571095674279379920022251
5856792330994770684963779647332867694585261054867064954237
4592060734505932579016304659494401520653644388790496864221
4280267330955657370194058450102161016255747443449937687671
4183379669771942288883713915628024093055602675378744046483
5512053188551379027079672818993833524890484185524428278881
5336432138887634307947708845636998615696130176783530089451
3837162403987649355505918454872849314193652260500788049283
3915682626023744632741776725889735229515407938495765185749
3460047873811989250914775348826929415036024249205321530861
3426229837774900046134077935568681416636381371789259652677
3702757566474100079669707030835644574799368531611941422287
4475153937267588761690066794999889175992006970191140166659
4451766522495499344986922451914109064882281076541617055373
3665751438744009315029012444027278300020442254345736157803
5170544396356812546409785038875583600092815200596944462527
4325201368351239539607426584624791502093168391587880343469
5930762766896997387672810859800583191424855736443034696723
3407846723998431757498053288745222112954083503478607933321
6174432789972420821448108093805136037965206889366498600941
5374155820271113220917616445563606604361183077015459048889
5742463107980328723854288687387828451546183426415731366701
4562923381499396855487103195417436107083615086363840763961
3791397433570945024768271711161532225377587370081300722539
5640041645258438710303912930540279048991525837560891107659
4293899858969568062159333747973064267910395116077141764541
4091167983358676851873360389830702156467175323012825137431
4472425046859055372270273082311268629096513641504994253233
5693655405640402065331465046968282895336670815444712046769
4681880165347395680540801322255663272262909904778297750827
4050393142848602924595550421891936707899200149527304920673
3205351034947486881994952445127517759054135678715727421389
4487603123530305166320100339534604623374516538424716527959
3394166727426164783257018002322912426525525247473003463137
4091958122447455668293964516252137425463993537459899110587
3732292850538367291669079226887725466745796493856230172109
4859453695611842748087675100345576182444032809476991848461
4815457455309324457796352469711978425509010607985689920823
4178485506098808646602573093813843880120985505746937254323
5046575751197803120349890877416238640133035079898669519579
4267082597039819298295287661723509490412614478411666264267
4621121658946307052660182357510638506274028548429949665637
3580984853078766740061643396578328756361769598021171216463
3718402684120812909875311480437868489604823655073200443673
5814655987416253311330550123716038152581625198850328786271
4505306492759976227419931946366036602750148909100183714721
3163465340762575601748696849697213979799331866176496906293
4938492256622784973371556819612896024264103274493038305343
3560329321515745527135431250454687955976079838271657957701
3949899696304035919705021069215121912960178289482226660911
5938808530258442095067837327069180621666353819182216641393
5502104036842399780789797697766793351527985783796458733883
4456801138883364565294180020195971925050227492044661144597
5199368383036049078489017946355062582055984181213734616381
6141419449108831545832045106181251476669675235232467391017
4273890688582472674336401825663585586698001035418691377013
3805119462583907514773845612071886962989929645034890654861
4188588860121821755913105059190520591284392668884955607541
4517834429479549073596054029914175262071283500265289165951
5849499700178425857534855174757765365270992908451181308093
6190085119188342644291070849208022075743854164870630706887
4288698659097689762936110328619158250729915415343291411033
3340532450571052804685518522132126046118541251212850802009
5988597664374319410718556239219224230346142762260582469013
4099443465636003625583782406492838690458520397617432757549
3546950779936419389951691949555401185652966131438306493217
5546206756980438854946464469607683846825832017999495120679
6025393917353765556314440263392910676883551592928645737599
4977659247744847167429677869121048567278185492732425741329
3682737185900791219759029152793334184647906044797363899057
5035292930657945264311623361059224288335437136356435352709
4927247092750455688432712463069760911048008261396230011473
5864370476465689346402476678850142493205547610163680845677
5852436602746105120270852013261428843104164178954229214443
4474553716683506633283204550173384774615156726598668118187
4389854675726162974774898522091109732222702453605330045089
3392813182887940263731462301720664495114881440481483936197
4610671622081316790525955704411823564076680169221868401881
6244964355557893253410850621727079669157223708154530325001
5366702157408824648264724684612520195837484159002026021817
4649410726285215295110597043331492847149167138113647593801
6240288945764102466606901158667295635423152607494228916051
3657990493283597094072016437367462903138767783348679101173
5359972877839900150409086732726520002396354693529286892403
5705656718519763237099972257529205227504136732851382872143
4608639147800597395053263554861496542962909225940141936481
3351140303443637878963516615066491669026404309143119134409
4082983868553636581982753777982981817977242129101310799771
5409750868714742809103810767219405030105737168663759419483
5317389442144127201910992354729090444539633016295677365883
5288057338403455073541368049018881537682854885503844758207
4867214100091287240539104570993097201382617035371482274323
6135755680848545571139750358767666430428414033786100520883
3786517991558929388233743337851303649093733540025982768477
3462310389908132933872436819262337036924738792888920809569
3956795482671641524727762868042393688575209230704531956023
4904842330723203743617676741806542808788413053482705303649
4837933417279596653340340940804308060605834274875985039493
3414680729543995246057072227152383124396633356217331613727
5094211657532125134222405737174514089126600005777896647699
3492350892653459979171689492726951527908256460547064617247
3696752341525314858420590054488951951458814987146077667067
4101100097463687072510707458387650670679500940643145242251
3898788984016178686666257219160809665822159067325380448061
4278265902210119944233496856645144663161294130749438275163
5478054574278471886185199098571096116894799612768949828197
3577297086756470892635982188398063371238266635128066657849
3680929500694868799754313572159360594006565229319797038513
4843732652801467883094243181899376492895268954409498343039
3334411003824347252294456539659622814502012455645525162909
5610126537335552246210563526076662407312637073148152836093
5545092800878628784386439615153306664343042866176921140963
6113820512409072539773801407512763138282885507656822385239
5861472515860996102272314212833354593196855825529539574183
4245219633105930101479368253613226551326120925913232599491
3267659037787801009527410026341273629989418619367483215809
4285313057929667799852625637421269541195344918724121884521
5500439096531896105053484499301585849361057268928229409497
4360172027834654790847948240070098587059777587730003353613
3363229425372543026967264735737555008295315093075790935561
5133435951850722069464879622882988830654407674169095545583
5494145334063659722235112031102042789732426415540143406143
5787877525328691829751056630671241359475876124815350110549
3543155158333240246219641858775552162314120334590827219327
4359769293533102936605260586841540705959001339845230232933
5938482950913667631286124042414055857690210686322619464481
4769277982622116175971851390512285202377189875394582290939
4736208669938145929265359652636510740556343922342606385851
4729186106921254912048301383457492573042058009974244081311
5590233539776096355224193403034840894701119273785650108247
5692449356150824466522348594117115205740864740794109973293
5475868954426360238217590114970171209123570104366485574657
4810987505771373957283256245662694811240731452363772298897
5983026560598818530722404099768823423751963116057564918107
4603778234264833666857669425960104954983632765815664486443
3254207340185799943328337439167728486312711413730868189239
4126791084576584705836073168554004294810730468415153938239
5206300078139262704300125963279230117319034821683369296969
5821910388598193829054663629973403648786057437322515818623
5549550507909274165183830615166774325026799381302734853829
3513639406457841337676132928604844422270810044684821971877
5587305734455310301012055801136863857459397661391812884907
4712929104551695658572778231230922554332131644806750417403
4417872793672912864400148846284021019724782634322285142653
3836405545529413353701751246829502791273736528814552590179
3151406874106803272938665861840371473305884944961676758333
3701142643297750043979958007184498262868223584743422008941
4920377095495532503312699347023396832058283638616973599471
5800690334294877864962132592569382845047353554272559880769
5831754137281962005342633129410644320422872608706599999867
5578048947863931034558417395456499931326738126422894841433
4942384487049140554368644501861307283697683261958985152393
4143569075498917112932225938481622544196515957710311070519
3216710570226164881186905172456948107326228443255441624441
3569776413245023153451681884954175957380284291200265395401
6032201353087261691510962226031419732534453093636676845137
4598275196141290892084692705565489819620716670732620644297
4200835416518444889515459202563707400996369636835624662867
5692063340003236589071435731621872850770871980528476348709
4233202880868864145070759634187807743922769989111745130619
5497015146729818570234647355081772550550094481152059711297
5623781130040918063055007721559507477368327170678156899549
6203157686342711823744972519232434029430264225659632259939
5183680336730305724885087842014263459994069962790176819909
4911519363433751888397092452161986808932538755448772937809